x
-1 1
1 0.0122841 12.695
2 0.0177601 10.0035
3 0.0188341 12.3365
4 -2.77859 3.88204
5 -2.26811 2.16459
6 -2.26806 3.59489
7 -1.74121 16.3553
8 -1.67065 9.1381
9 -1.58948 14.6697
10 0.000301 5.70194
11 0.00359488 15.9903
12 0.0031914 8.54421
13 -4.64485 5.4526
14 -4.48373 1.51957
15 -6.81862 4.20316
16 -72.1647 -31.4172
17 -71.824 -36.4614
18 -72.57510000000001 -34.2083
19 -70.5722 -36.9301
20 -71.8668 -36.3951
21 -72.8676 -37.6193
22 -79.1198 -38.3574
23 -77.8306 -41.0953
24 -74.395 -41.8757
25 -73.6643 -40.9574
26 -75.61360000000001 -40.5001
27 -75.3462 -43.3945
28 -73.83929999999999 -42.7285
29 -77.3138 -43.02
30 -77.2915 -44.8877
31 -80.14109999999999 -44.0346
32 -77.9324 -45.5196
33 -81.9358 -45.1947
34 -79.78189999999999 -46.1787
35 -84.7803 -44.0852
36 -80.9127 -46.5346
37 -78.2346 -46.9853
38 -82.1532 -46.9626
39 -75.2667 -47.3755
40 -75.1461 -46.0454
41 -76.74939999999999 -47.0617
42 -73.0278 -46.837
43 -78.8211 -46.0224
44 -76.3494 -45.8106
45 -77.3768 -47.9173
46 -80.0643 -47.6881
47 -72.83750000000001 -34.466
48 -73.32259999999999 -33.9389
49 -68.33620000000001 -36.712
50 -76.73730000000001 -36.9267
51 -68.4033 -34.6452
52 -69.01600000000001 -39.7028
53 -69.688 -37.2205
54 -69.88670000000001 -39.6693
55 -74.9863 -37.3507
56 -72.2243 -41.3956
57 -74.702 -41.551
58 -74.8762 -40.7981
59 -74.7499 -43.9349
60 -75.74679999999999 -44.5498
61 -76.3694 -45.5557
62 -74.249 -44.4776
63 -76.39270000000001 -46.0207
64 -74.7955 -46.2613
65 -80.7574 -45.5998
66 -73.5628 -46.4085
67 -80.2123 -45.8778
68 -76.2355 -47.1873
69 -74.47069999999999 -45.9614
70 -77.865 -46.3344
71 -80.7621 -45.504
72 -78.3077 -47.5385
73 -77.5864 -46.1715
74 -82.1083 -48.4439
75 -74.8132 -46.1009
76 -91.6801 -48.4832
77 -77.2358 -47.2319
78 -73.9817 -33.865
79 -69.45740000000001 -32.4211
80 -76.30540000000001 -34.3333
81 -70.8939 -37.7835
82 -71.9601 -38.3919
83 -71.322 -41.7918
84 -73.0166 -38.1097
85 -76.0881 -40.6277
86 -76.0086 -42.2634
87 -74.104 -40.5742
88 -71.5637 -42.5312
89 -84.4285 -41.5318
90 -72.6957 -43.926
91 -72.9119 -45.0491
92 -73.87949999999999 -44.6519
93 -75.8708 -44.3018
94 -80.3223 -46.6899
95 -73.34739999999999 -45.9122
96 -74.2144 -46.5372
97 -78.4106 -45.88
98 -80.44759999999999 -46.3019
99 -77.9323 -45.0212
100 -73.3463 -45.7308
101 -77.5809 -46.8778
102 -78.20569999999999 -45.3237
103 -73.20869999999999 -45.0278
104 -82.0157 -46.2417
105 -75.34990000000001 -47.5532
106 -74.2419 -48.0315
107 -79.8569 -47.3999
108 -75.5077 -47.1954
